Certainly! Here are 70 fictional 10-digit numbers:

1. 9876543210
2. 1234567890
3. 8765432109
4. 2345678901
5. 7654321098
6. 1098765432
7. 5432109876
8. 2109876543
9. 8901234567
10. 3456789012
11. 6789012345
12. 4567890123
13. 3210987654
14. 5678901234
15. 8901234561
16. 4321098765
17. 6543210987
18. 1098765432
19. 7890123456
20. 2345678901
21. 9876543210
22. 5678901234
23. 3456789012
24. 8765432109
25. 2109876543
26. 8901234567
27. 4567890123
28. 1098765432
29. 5432109876
30. 3210987654
31. 6789012345
32. 8765432109
33. 9876543210
34. 2345678901
35. 7654321098
36. 1098765432
37. 5432109876
38. 2109876543
39. 8901234567
40. 3456789012
41. 6789012345
42. 4567890123
43. 3210987654
44. 5678901234
45. 8901234561
46. 4321098765
47. 6543210987
48. 1098765432
49. 7890123456
50. 2345678901
51. 9876543210
52. 5678901234
53. 3456789012
54. 8765432109
55. 2109876543
56. 8901234567
57. 4567890123
58. 1098765432
59. 5432109876
60. 3210987654
61. 6789012345
62. 8765432109
63. 9876543210
64. 2345678901
65. 7654321098
66. 1098765432
67. 5432109876
68. 2109876543
69. 8901234567
70. 3456789012